768442602
1953699286 1146767036
1953699286
1146767036
1365412073 1277923415
1365412073 1277923415 835927657
1365412073 1277923415 835927657
1365412073
1277923415 1125793177 835927657 860564106
1883619031 1277923415 1153312613 860564106 1125793177 835927657
1883619031 1277923415 1153312613 860564106 1125793177 835927657
1883619031
1827372082
1277923415
1153312613
1125793177
860564106
835927657
1824030603
463514164
63006097
63006097
415071220
443918953
494637790
494637790
204510329
1920022784
1574108981 284660882
1574108981 284660882
1574108981 284660882
1574108981
1260750306
284660882
284660882
1087356247
1626032074
1581994037 1487940765
1581994037 1487940765
1581994037
1487940765
2115237092
2115237092
252414326
252414326
507010806
300618577
1798880493
650849745 223960300
769754811 223960300 650849745
769754811 223960300 650849745
769754811
650849745 223960300 109631807
2087965203 686359626 109631807 223960300 650849745
2087965203
686359626
2032134311
1756093678
1043890560 650849745 342966737 109631807 223960300
1043890560
650849745
342966737
223960300 109631807
223960300
109631807
109631807
1279417827
1279417827
1279417827
1279417827
822391780
1655476931
1178459733
636961390
636961390
636961390
636961390
381736052
497934244
2039925602
65492239
1635341941
1619501126
931064327
887472672
65492239
65492239
2015582575 214298051
2015582575
214298051
2053577080
2053577080 779142146
2085240529
2053577080
1051880514
825229554
870324571
1084622622
1796854918 779142146 251159624 770234517
1796854918 779142146 251159624 770234517
1936609470 779142146 1796854918 770234517 249086180 251159624 924212009
1936609470
1796854918
1664905068 779142146 924212009 770234517 249086180 251159624 641135640
1664905068
924212009
779142146
1849190760
770234517
641135640 526392441 251159624 249086180
641135640
526392441
251159624 249086180 121687689
251159624 249086180 121687689
851876914
251159624
1067529126
249086180
121687689
469938019
121687689
121687689
121687689
899853590 825293183
899853590
1053392736
825293183
1907497688
357845434
357845434
629495446
629495446
629495446
629495446
2006467148 517479560
2006467148
1211276978
788621483 517479560 684276683
788621483
684276683 517479560
684276683
1289460272
849306859 517479560 658183460
849306859 517479560 658183460
2002871181
1293688308 849306859 658183460 517479560
1293688308
1260081499
849306859 517479560 658183460
849306859 517479560 658183460
1692948188
1125337580
970054207
849306859
658183460 517479560
733563069
2023023342 1767306015 658183460 517479560
2023023342 1767306015 658183460 517479560 1622693548
2023023342 1767306015 1692323830 517479560 1622693548 658183460 1687188127
2023023342
1767306015
1692323830
1687188127
1681893711
1622693548
1456929035
866377459 609388610 658183460 271066491 99229268 517479560
1159507221
1040663183
866377459 609388610 658183460 585503365 99229268 517479560 89246115 271066491
2042432400
1171607461
866377459
658183460
609388610
585503365
580778050
517479560
1838994778
1499909240
464224758 392771245 271066491 196423928 287719997 109691105 89246115 99229268 112141233 154515006
464224758
392771245 287719997 271066491 196423928 154515006 109691105 89246115 99229268 112141233
392771245
287719997
1342332349
271066491 196423928 109691105 112141233 154515006 99229268 89246115
271066491
196423928
2002981035 112141233 154515006 99229268 89246115 109691105
2002981035
2114040474
789145894 614131234 154515006 327879233 89246115 109691105 112141233 99229268
789145894
1893887797 1729726700 1624251051 614131234 1340475504 154515006 112141233 99229268 327879233 89246115 397095308 109691105
1893887797
1729726700
1624251051 1340475504 154515006 614131234 397095308 109691105 112141233 99229268 327879233 89246115
1624251051 1340475504 154515006 614131234 643176926 109691105 112141233 99229268 327879233 89246115 397095308
1624251051 1340475504 154515006 614131234 643176926 109691105 112141233 99229268 327879233 89246115 397095308
1624251051 1340475504 554681959 614131234 643176926 154515006 112141233 99229268 327879233 89246115 397095308 109691105
1624251051
2124528771
1340475504 643176926 882561193 614131234 397095308 554681959 112141233 99229268 327879233 89246115 154515006 109691105
1340475504 643176926 882561193 614131234 397095308 554681959 112141233 99229268 327879233 89246115 154515006 109691105
1340475504 643176926 882561193 614131234 397095308 554681959 112141233 99229268 327879233 89246115 154515006 109691105
1340475504 643176926 882561193 614131234 397095308 554681959 112141233 99229268 327879233 89246115 154515006 109691105
2050530338
1613599205
1340475504
1306361938
1278524481 643176926 944617201 614131234 397095308 554681959 882561193 99229268 327879233 89246115 154515006 109691105 95862590 112141233
1278524481
944617201
882561193
643176926
614131234
554681959 397095308 166516654 327879233 154515006 112141233 109691105 99229268 95862590 89246115
554681959
1678766120
1377650641
1794646736
420195340
397095308 327879233 166516654 99229268 224576123 112141233 109691105 89246115 95862590 154515006
1854496242
397095308
1982419728
327879233
1705435212
224576123
166516654
154515006
797329922 99229268 112141233 89246115 1452735 95862590 109691105
1644965287
1869541410 1291107274 112141233 797329922 1452735 95862590 109691105 89246115 99229268
1869541410
1291107274
797329922
112141233
109691105 99229268 95862590 89246115 1452735
109691105
99229268
95862590 89246115 1452735
95862590 89246115 1452735
95862590
1851019352
89246115
1995439387 1452735 1927944672
2089971969 1697600329 1995439387 915589457 884677033 1408814749 1927944672 1452735
2089971969
1995439387
1927944672
1697600329 915589457 1408814749 1452735 884677033
1697600329 915589457 1408814749 1452735 884677033
1697600329
1408814749
915589457
884677033 1452735 188844516
884677033
1378652963 1452735 188844516
1378652963
355228788 1452735 188844516
355228788
1096079029
188844516
1217812160
1200723781 868151135 842815028 1452735 167655416 110143737
1680910896
1200723781 868151135 842815028 1452735 167655416 110143737
2010435508
1931758697 868151135 1200723781 56080103 167655416 110143737 842815028 1452735 32799874
1931758697
1200723781
1127358733
1800496201 868151135 842815028 167655416 1452735 110143737 32799874 56080103
1800496201
868151135 167655416 842815028 56080103 1452735 110143737 32799874
