2025036672
1707272573
1240210109
1155686284
856476373 763159894 237936826 561541617 651387784 230064574
1616073380
856476373 763159894 237936826 561541617 651387784 230064574
856476373
980215638
857768662
763159894 651387784 663161999 561541617 237936826 230064574
763159894 651387784 663161999 561541617 237936826 230064574
763159894
663161999
1260678064
786922228
651387784
561541617
237936826
919626740
230064574
103452637
1845875563
295685174
1572716912
1572716912
1362671367
403743415
399933270
46281705
46281705
1961255367
530275684
2052800072
1181217237
1181217237
1181217237
1879445512
131895135
860877352
1203121510
1601223511
1829891110 56348768
1829891110
56348768
56348768
1827882116
56348768
562049954
1342801892
1704974047
2111652280
943492713
943492713
153110848
121897181
1949779297
1992752214
1992752214
1992752214
2067005221
1732232826 755915100 245331537 681813360 371106391 117320033 96098361 480856696 542784771 31772987
1732232826 755915100 245331537 681813360 371106391 117320033 96098361 480856696 542784771 31772987
1732232826
755915100
681813360
1567551631
1184131643
838130652 657968423 245331537 542784771 371106391 117320033 96098361 31772987 480856696
838130652
657968423
1173771395
542784771
1948629376
691194060 661287240 480856696 517792020 96098361 117320033 245331537 31772987 371106391
691194060
1751171850
661287240 517792020 480856696 371106391 96098361 117320033 245331537 31772987
661287240
517792020
480856696
371106391 117320033 245331537 31772987 96098361
371106391 117320033 245331537 31772987 96098361
371106391 117320033 245331537 31772987 96098361
371106391
245331537 117320033 96098361 31772987
245331537
117320033
96098361
31772987
1680926577
1843609186
1591040973 977314285 1513425820 931807229 535727405 494376624 10902930 31772987
1884294510 1591040973 1513425820 931807229 977314285 494376624 10902930 31772987 29301717 535727405
1884294510 1737505038 1513425820 931807229 1591040973 494376624 10902930 31772987 29301717 535727405 977314285 414739133
1884294510
1737505038 1591040973 1513425820 931807229 977314285 950466538 982312450 31772987 29301717 535727405 388156108 414739133 494376624 10902930
1737505038 1591040973 1513425820 931807229 977314285 950466538 982312450 31772987 29301717 535727405 388156108 414739133 494376624 10902930
1737505038 1591040973 1513425820 931807229 977314285 950466538 982312450 31772987 29301717 535727405 388156108 414739133 494376624 10902930
1838405860
1737505038
1591040973
1513425820
1256579493
1777409338 1360285613 1341034039 1178753705 535727405 494376624 982312450 977314285 29301717 121995313 388156108 414739133 10902930 124831390 950466538 31772987 931807229
1777409338
1360285613 1178753705 1341034039 977314285 535727405 494376624 982312450 931807229 29301717 121995313 388156108 414739133 10902930 124831390 950466538 31772987
1360285613 1178753705 1341034039 977314285 535727405 494376624 982312450 931807229 29301717 121995313 388156108 414739133 10902930 124831390 950466538 31772987
1360285613
1341034039
1178753705
982312450 977314285 950466538 931807229 535727405 494376624 124831390 342424012 29301717 121995313 388156108 414739133 10902930 31772987
982312450
977314285
1382746166 931807229 950466538 342424012 535727405 414739133 494376624 124831390 29301717 121995313 388156108 31772987 10902930 296933588
1382746166
1432421711
950466538 931807229 494376624 707795495 535727405 414739133 296933588 342424012 29301717 121995313 388156108 31772987 10902930 124831390 1660082
1730489079
1107012225
950466538 931807229 494376624 707795495 535727405 414739133 296933588 342424012 29301717 121995313 388156108 31772987 10902930 124831390 1660082
1626337811 1101462817 494376624 950466538 535727405 414739133 296933588 707795495 931807229 121995313 388156108 31772987 10902930 124831390 1660082 196611696 342424012 29301717
1626337811 1101462817 494376624 950466538 535727405 414739133 296933588 707795495 931807229 121995313 388156108 31772987 10902930 124831390 1660082 196611696 342424012 29301717 317444402
1626337811 1101462817 494376624 950466538 535727405 414739133 296933588 707795495 931807229 121995313 388156108 31772987 10902930 124831390 1660082 196611696 342424012 29301717 317444402
1626337811
1101462817
950466538
931807229 707795495 494376624 342424012 535727405 414739133 296933588 283477899 317444402 121995313 388156108 31772987 10902930 124831390 1660082 196611696 29301717
931807229
707795495 535727405 494376624 342424012 388156108 414739133 296933588 283477899 317444402 121995313 77366191 31772987 10902930 124831390 1660082 196611696 29301717
707795495 542971243 494376624 535727405 388156108 414739133 296933588 283477899 342424012 121995313 77366191 31772987 10902930 124831390 1660082 196611696 29301717 317444402
707795495
542971243
535727405
494376624 388156108 414739133 342424012 121995313 196611696 296933588 283477899 317444402 29301717 77366191 31772987 10902930 124831390 1660082
1786675399 526746601 414739133 494376624 121995313 196611696 296933588 388156108 317444402 29301717 77366191 31772987 10902930 124831390 1660082 283477899 342424012
1786675399
757126863
526746601 494376624 414739133 388156108 121995313 196611696 296933588 374839156 317444402 29301717 77366191 31772987 10902930 124831390 1660082 283477899 342424012 182977897
526746601 494376624 414739133 388156108 121995313 196611696 296933588 374839156 317444402 29301717 77366191 31772987 10902930 124831390 1660082 283477899 342424012 182977897
526746601 494376624 414739133 481097497 121995313 196611696 296933588 374839156 388156108 29301717 77366191 31772987 10902930 124831390 1660082 283477899 342424012 182977897 317444402
766235479
526746601
1052744315
1178720989
1221464984
509773072
619208247 494376624 414739133 388156108 481097497 196611696 296933588 374839156 317444402 121995313 77366191 31772987 10902930 124831390 1660082 283477899 342424012 182977897 29301717 100505060 107977432
619208247 494376624 414739133 388156108 481097497 196611696 296933588 374839156 317444402 121995313 77366191 31772987 10902930 124831390 1660082 283477899 342424012 182977897 29301717 100505060 107977432
619208247 494376624 414739133 388156108 481097497 196611696 296933588 374839156 317444402 121995313 77366191 31772987 10902930 124831390 1660082 283477899 342424012 182977897 29301717 100505060 107977432
619208247 494376624 414739133 388156108 481097497 196611696 296933588 374839156 317444402 121995313 77366191 31772987 10902930 124831390 1660082 283477899 342424012 182977897 29301717 100505060 107977432
619208247 494376624 414739133 388156108 481097497 196611696 296933588 374839156 317444402 121995313 77366191 31772987 10902930 124831390 1660082 283477899 342424012 182977897 29301717 100505060 107977432
2109496426
1514366885
1345580745
1004593813 619208247 994619812 388156108 494376624 414739133 296933588 374839156 317444402 121995313 481097497 196611696 10902930 124831390 1660082 283477899 342424012 182977897 29301717 100505060 107977432 17666680 77366191 31772987
1698853602
1526188280
1004593813
994619812
881079204
619208247 494376624 414739133 388156108 481097497 196611696 296933588 374839156 317444402 121995313 77366191 31772987 154703246 124831390 1660082 283477899 342424012 182977897 29301717 100505060 107977432 17666680 10902930
619208247
494376624
481097497
1121952854 414739133 296933588 374839156 388156108 196611696 124831390 342424012 317444402 121995313 77366191 31772987 154703246 10902930 1660082 283477899 17666680 182977897 29301717 100505060 107977432
1121952854
1642584616
414739133
388156108 374839156 296933588 342424012 121995313 196611696 124831390 283477899 317444402 107977432 77366191 31772987 154703246 10902930 1660082 100505060 17666680 182977897 29301717
388156108
374839156 342424012 296933588 317444402 121995313 196611696 124831390 283477899 182977897 107977432 77366191 31772987 154703246 10902930 1660082 100505060 17666680 29301717
1733655209
374839156 342424012 296933588 317444402 121995313 196611696 124831390 283477899 182977897 107977432 77366191 31772987 154703246 10902930 1660082 100505060 17666680 29301717
374839156
342424012
1463646778 317444402 296933588 283477899 121995313 196611696 124831390 182977897 17666680 107977432 77366191 31772987 154703246 10902930 1660082 29301717 100505060
1463646778 317444402 296933588 283477899 121995313 196611696 124831390 182977897 17666680 107977432 77366191 31772987 154703246 10902930 1660082 29301717 100505060
1463646778 942511144 296933588 317444402 121995313 196611696 124831390 182977897 283477899 107977432 77366191 31772987 154703246 10902930 1660082 29301717 100505060 17666680
1463646778 942511144 296933588 317444402 121995313 196611696 124831390 182977897 291094038 107977432 77366191 31772987 154703246 10902930 1660082 29301717 100505060 17666680 283477899
1544421418
1463646778
942511144 317444402 296933588 291094038 121995313 196611696 124831390 182977897 283477899 107977432 77366191 31772987 154703246 10902930 1660082 29301717 100505060 17666680
942511144
317444402
296933588
291094038
953098477
1088405145 182977897 283477899 29301717 121995313 154703246 196611696 1660082 17666680 107977432 77366191 31772987 100505060 10902930 124831390
1088405145 182977897 283477899 29301717 121995313 154703246 196611696 1660082 17666680 107977432 77366191 31772987 100505060 10902930 124831390
1405321636
1088405145
283477899
196611696
182977897 121995313 154703246 29301717 107977432 100505060 124831390 1660082 17666680 10902930 77366191 31772987
182977897 121995313 154703246 29301717 107977432 100505060 124831390 1660082 17666680 10902930 77366191 31772987
182977897
154703246
1771772395 124831390 100505060 29301717 121995313 77366191 31772987 1660082 17666680 10902930 107977432
1771772395
124831390 121995313 100505060 29301717 107977432 77366191 31772987 1660082 17666680 10902930
124831390
1557955122
986225405
792949306
773834403 541910811 100505060 29301717 121995313 77366191 31772987 1660082 17666680 10902930 107977432
1216487517 541910811 773834403 29301717 121995313 100505060 31772987 1660082 17666680 10902930 107977432 77366191
1216487517 541910811 1028605738 29301717 121995313 773834403 31772987 1660082 17666680 10902930 107977432 77366191 100505060
1216487517
1028605738 541910811 773834403 29301717 121995313 100505060 31772987 1660082 17666680 10902930 107977432 77366191
1028605738
773834403 541910811 100505060 29301717 121995313 77366191 31772987 1660082 17666680 10902930 107977432
773834403
541910811 121995313 100505060 29301717 107977432 77366191 31772987 1660082 17666680 10902930
1298457373
541910811
1982212212
1358832109
910831470
778132170
2116079367
1543949251
520923317 121995313 100505060 29301717 107977432 77366191 31772987 1660082 17666680 10902930
520923317 121995313 100505060 29301717 107977432 77366191 31772987 1660082 17666680 10902930
520923317
121995313
866852620 107977432 100505060 29301717 48675262 77366191 31772987 1660082 17666680 10902930
866852620
107977432 48675262 100505060 29301717 17826346 77366191 31772987 1660082 17666680 10902930
107977432
2003006917 100505060 77366191 29301717 48675262 10902930 31772987 1660082 17666680 17826346
2003006917
766354739
100505060
77366191
2036939822 48675262 31772987 29301717 17826346 10902930 17666680 1660082
2036939822
2012191638 868565544 31772987 48675262 246005283 10902930 17666680 1660082 29301717 17826346
2012191638
1687171216 868565544 31772987 48675262 246005283 10902930 17666680 1660082 29301717 17826346
1687171216 868565544 31772987 48675262 246005283 10902930 17666680 1660082 29301717 17826346
1687171216 868565544 31772987 48675262 246005283 10902930 17666680 1660082 29301717 17826346
2093249596 868565544 1687171216 48675262 424366534 605876556 952942011 1660082 29301717 17826346 246005283 10902930 31772987 17666680
2093249596
1687171216 868565544 1433480651 48675262 424366534 605876556 952942011 1660082 29301717 17826346 246005283 10902930 31772987 17666680
1687171216
2031911954
1433480651 868565544 952942011 345475572 424366534 605876556 100418965 48675262 29301717 17826346 246005283 10902930 31772987 17666680 1660082
1433480651
952942011 868565544 715519038 345475572 424366534 31772987 605876556 48675262 29301717 17826346 246005283 10902930 1660082 17666680 100418965
952942011 868565544 715519038 345475572 424366534 31772987 605876556 48675262 29301717 17826346 246005283 10902930 1660082 17666680 100418965
952942011
868565544 424366534 715519038 345475572 246005283 31772987 605876556 48675262 29301717 17826346 100418965 10902930 1660082 17666680
868565544 424366534 715519038 345475572 246005283 31772987 605876556 48675262 29301717 17826346 100418965 10902930 1660082 17666680
1834140829
1747984747
881536313
1450728019
868565544
1139637419 424366534 715519038 345475572 246005283 31772987 680708366 48675262 29301717 17826346 100418965 10902930 1660082 17666680 605876556
1139637419
715519038
680708366
605876556
424366534
1384633068
345475572
246005283
376449608 100418965 31772987 48675262 17826346 10902930 17666680 1660082 29301717
376449608
100418965
1032686991
48675262 29301717 31772987 1660082 17826346 10902930 17666680
48675262
31772987 29301717 17666680 1660082 17826346 10902930
1664234464
736929035 29301717 31772987 14063713 17826346 10902930 17666680 1660082
1277011157
1552125834
2058618098
1917880616 1063647554 1338841176 29301717 736929035 31772987 17666680 1660082 14063713 17826346 176364564 10902930
1917880616
1338841176
1063647554
801815737
736929035
176364564 29301717 31772987 14063713 17826346 10902930 17666680 1660082
176364564 29301717 31772987 14063713 17826346 10902930 17666680 1660082
176364564 29301717 31772987 14063713 17826346 10902930 17666680 1660082
176364564 29301717 31772987 14063713 17826346 10902930 17666680 1660082
